[{"id": 0, "img_name": "frame_0001.jpg", "width": 1291, "height": 718, "position": [-1.0702546801170567, 2.867737250741293, -2.7475904287816593], "rotation": [[0.998172317641674, -0.001397010947143824, 0.06041583115593603], [-0.0004232348142961664, 0.9995466420515854, 0.03010533566814723], [-0.060430498642167256, -0.030075882760334908, 0.9977191970239149]], "fy": 1208.4129230698366, "fx": 1221.4548465426064}, {"id": 1, "img_name": "frame_0002.jpg", "width": 1291, "height": 718, "position": [-0.7877152942943042, 2.7431845962916306, -2.8462408437570654], "rotation": [[0.9993411645751666, 0.02260315849890174, 0.028396021049136265], [-0.023850397501089637, 0.998729953744321, 0.04438060424223399], [-0.02735681495696239, -0.0450286211174549, 0.9986110493859315]], "fy": 1208.4129230698366, "fx": 1221.4548465426064}, {"id": 2, "img_name": "frame_0003.jpg", "width": 1291, "height": 718, "position": [-0.37580758250477003, 2.5627794060133375, -2.690081219730611], "rotation": [[0.9978118559072391, 0.05995968157225596, -0.027862821047136135], [-0.05787221465818459, 0.9958319559719682, 0.07049483836140889], [0.03197353564290423, -0.06872810233665581, 0.9971229317229117]], "fy": 1208.4129230698366, "fx": 1221.4548465426064}, {"id": 3, "img_name": "frame_0004.jpg", "width": 1291, "height": 718, "position": [-0.0803432834261395, 2.4483592872612903, -2.6866441539674097], "rotation": [[0.9914157977081924, 0.09872847443063874, -0.0857170017629371], [-0.09111841688837721, 0.9918935911517489, 0.08856939615828248], [0.09376646606535058, -0.07999870104373948, 0.9923749582052794]], "fy": 1208.4129230698366, "fx": 1221.4548465426064}, {"id": 4, "img_name": "frame_0005.jpg", "width": 1291, "height": 718, "position": [0.27427152439801994, 2.328469844201538, -2.6137017111359886], "rotation": [[0.9789669318217977, 0.14728771963475204, -0.14117391417755], [-0.1319544545150162, 0.9848544918815763, 0.11247067064051378], [0.15560131211869677, -0.0914765405198354, 0.9835752509093867]], "fy": 1208.4129230698366, "fx": 1221.4548465426064}, {"id": 5, "img_name": "frame_0006.jpg", "width": 1291, "height": 718, "position": [0.6276877969804405, 2.2658018778993405, -2.5381363737079217], "rotation": [[0.9639123248624248, 0.18318904660817, -0.19317039933981847], [-0.15912121617932098, 0.9781745257643449, 0.13362273649088421], [0.2134325854688759, -0.09806309371261036, 0.9720237451377322]], "fy": 1208.4129230698366, "fx": 1221.4548465426064}, {"id": 6, "img_name": "frame_0007.jpg", "width": 1291, "height": 718, "position": [0.9270414897727572, 2.0580745627484274, -2.467132312784827], "rotation": [[0.9348316385521357, 0.24902469510883413, -0.2531333814175473], [-0.208937556633486, 0.9621570742496399, 0.1749253037710719], [0.28711479409803686, -0.1106366381327866, 0.9514854856027584]], "fy": 1208.4129230698366, "fx": 1221.4548465426064}, {"id": 7, "img_name": "frame_0008.jpg", "width": 1291, "height": 718, "position": [1.2446970063279512, 1.901718348760482, -2.2413015095841855], "rotation": [[0.8942970956188174, 0.318493193395904, -0.31431638603201567], [-0.26037626466736086, 0.9416442635943866, 0.21333138924606818], [0.36391881727333125, -0.10894111528832569, 0.9250377980569848]], "fy": 1208.4129230698366, "fx": 1221.4548465426064}, {"id": 8, "img_name": "frame_0009.jpg", "width": 1291, "height": 718, "position": [1.4366711062771647, 1.8658793049559312, -2.10149600204775], "rotation": [[0.8488782430273484, 0.3789571871786598, -0.3685066875925594], [-0.30274485912558885, 0.9200402150090096, 0.24873993052825794], [0.43330275649692024, -0.09958640997552547, 0.8957294614783848]], "fy": 1208.4129230698366, "fx": 1221.4548465426064}, {"id": 9, "img_name": "frame_0010.jpg", "width": 1291, "height": 718, "position": [1.6756829063277023, 1.564950946170007, -1.8185249219272968], "rotation": [[0.808958914781903, 0.4254351543166367, -0.4056974287156197], [-0.3327710266028114, 0.9003046981793453, 0.28056174773106335], [0.48461213155326277, -0.09195857713001743, 0.8698820046670845]], "fy": 1208.4129230698366, "fx": 1221.4548465426064}, {"id": 10, "img_name": "frame_0011.jpg", "width": 1291, "height": 718, "position": [1.9190862065999925, 1.3861854947484964, -1.485601697294212], "rotation": [[0.7646074785062696, 0.48441033773498343, -0.4251141358597285], [-0.3727390530382063, 0.8704693240517997, 0.3214790105512085], [0.5257765705625022, -0.0873486152167393, 0.8461260055495591]], "fy": 1208.4129230698366, "fx": 1221.4548465426064}, {"id": 11, "img_name": "frame_0012.jpg", "width": 1291, "height": 718, "position": [2.0246768009627067, 1.2263006055365084, -1.3108658405119784], "rotation": [[0.715810363913898, 0.5374404619656074, -0.44583996316576135], [-0.408048876475407, 0.8400501240886685, 0.3575079068017522], [0.5666671309689764, -0.07398336881223244, 0.8206185617073148]], "fy": 1208.4129230698366, "fx": 1221.4548465426064}, {"id": 12, "img_name": "frame_0013.jpg", "width": 1291, "height": 718, "position": [2.1982497514972996, 0.8768829262954969, -1.0423314488800817], "rotation": [[0.6566326151799554, 0.5779198502685364, -0.48460525724296966], [-0.42471310168455073, 0.8143073472045377, 0.395629025156392], [0.6232594884471643, -0.05396471953323677, 0.7801508950877886]], "fy": 1208.4129230698366, "fx": 1221.4548465426064}, {"id": 13, "img_name": "frame_0014.jpg", "width": 1291, "height": 718, "position": [2.3534829520415737, 0.5942073931932755, -0.8267889489611783], "rotation": [[0.5841825397062936, 0.6350676932771041, -0.5053907253383294], [-0.4634998182927385, 0.7722070624092773, 0.43458505635586825], [0.6662572166550268, -0.019628492579222855, 0.7454636433349142]], "fy": 1208.4129230698366, "fx": 1221.4548465426064}, {"id": 14, "img_name": "frame_0015.jpg", "width": 1291, "height": 718, "position": [2.329205727081546, 0.3032935278804658, -0.428455147220613], "rotation": [[0.5271776054213165, 0.6742069686545645, -0.5172318008010239], [-0.48511826295189253, 0.7385311758537694, 0.46822214091453096], [0.697670440317479, 0.004082365695507366, 0.7164072103193427]], "fy": 1208.4129230698366, "fx": 1221.4548465426064}, {"id": 15, "img_name": "frame_0016.jpg", "width": 1291, "height": 718, "position": [2.3271390059423394, -0.10534400920089725, -0.03238603182104543], "rotation": [[0.4726887888364793, 0.7029384782638898, -0.5314534830861014], [-0.49765907180816527, 0.7106424656450707, 0.49731552787835764], [0.7272556339797838, 0.029407172559450568, 0.6857364370125896]], "fy": 1208.4129230698366, "fx": 1221.4548465426064}, {"id": 16, "img_name": "frame_0017.jpg", "width": 1291, "height": 718, "position": [2.4383062957030535, -0.3064445243762473, 0.29577835657792556], "rotation": [[0.388302754564979, 0.7360185379906069, -0.554524735725485], [-0.5040692901289242, 0.6733820075416475, 0.5408057161939979], [0.771450012344398, 0.06952254061345901, 0.6324804303695711]], "fy": 1208.4129230698366, "fx": 1221.4548465426064}, {"id": 17, "img_name": "frame_0018.jpg", "width": 1291, "height": 718, "position": [2.490519530181511, -0.8725878155558865, 1.0350564840797432], "rotation": [[0.3046545099552288, 0.7767537011390235, -0.5512162164983607], [-0.5242489890365325, 0.6199262092701457, 0.5838274510111022], [0.7952035129814963, 0.1111088782536104, 0.5960756580461172]], "fy": 1208.4129230698366, "fx": 1221.4548465426064}, {"id": 18, "img_name": "frame_0019.jpg", "width": 1291, "height": 718, "position": [2.5903020695438403, -0.6188920902732261, 1.172899812471165], "rotation": [[0.2660891057858205, 0.7957131941432342, -0.5440929152713474], [-0.5117700667470353, 0.5949380031030432, 0.6197904252612318], [0.8168769714980569, 0.11353098753263202, 0.5655287157218705]], "fy": 1208.4129230698366, "fx": 1221.4548465426064}, {"id": 19, "img_name": "frame_0020.jpg", "width": 1291, "height": 718, "position": [2.5395874418073214, -1.18934863390592, 1.481676350149671], "rotation": [[0.16981359749877742, 0.8205026131192534, -0.5458377084527959], [-0.5045641501502341, 0.5481662825949289, 0.6670297931945983], [0.8465095158872671, 0.1621394106641961, 0.5070822921595388]], "fy": 1208.4129230698366, "fx": 1221.4548465426064}, {"id": 20, "img_name": "frame_0021.jpg", "width": 1291, "height": 718, "position": [2.4666745638974787, -1.4520664411487854, 1.702421545930372], "rotation": [[0.040028461217950756, 0.8433276206735035, -0.5359069382847081], [-0.505893895644829, 0.47961903173835857, 0.716963702528697], [0.8616664602047714, 0.2424130949505959, 0.44583270713873363]], "fy": 1208.4129230698366, "fx": 1221.4548465426064}, {"id": 21, "img_name": "frame_0022.jpg", "width": 1291, "height": 718, "position": [2.292514496473817, -1.6440168880477255, 1.9293795810619172], "rotation": [[-0.09272916208562196, 0.8515116187383153, -0.5160709889662003], [-0.4956459353224463, 0.41004812036031857, 0.7656341461738151], [0.8635603101678745, 0.3267851008577709, 0.38402485409168613]], "fy": 1208.4129230698366, "fx": 1221.4548465426064}, {"id": 22, "img_name": "frame_0023.jpg", "width": 1291, "height": 718, "position": [1.924993113238134, -2.0445251547546013, 2.24685418909308], "rotation": [[-0.22012095402547413, 0.8521413302764747, -0.47476511964713125], [-0.4723538131130219, 0.3327228070724668, 0.8161969179624523], [0.853480310749172, 0.4039191588529294, 0.3292729449484708]], "fy": 1208.4129230698366, "fx": 1221.4548465426064}, {"id": 23, "img_name": "frame_0024.jpg", "width": 1291, "height": 718, "position": [1.6142767783630445, -2.3110192652312094, 2.5058810170684542], "rotation": [[-0.35192450929428787, 0.8346553324903419, -0.42367394975784306], [-0.4360686010457784, 0.2543149591276993, 0.863231183835393], [0.828247133976298, 0.48854311734924016, 0.27446731599725027]], "fy": 1208.4129230698366, "fx": 1221.4548465426064}, {"id": 24, "img_name": "frame_0025.jpg", "width": 1291, "height": 718, "position": [1.4042572725753444, -2.4816859115046634, 2.6270010098826435], "rotation": [[-0.4317246610914805, 0.8042590152051233, -0.4083886059462624], [-0.4027095166325756, 0.23326726228051423, 0.8851053211690183], [0.8071176260118494, 0.5465837729108312, 0.22317552950885391]], "fy": 1208.4129230698366, "fx": 1221.4548465426064}, {"id": 25, "img_name": "frame_0026.jpg", "width": 1291, "height": 718, "position": [1.5206772251278249, -2.203512039680991, 2.9950697113389393], "rotation": [[-0.4626671136816539, 0.7821406484151342, -0.41736692252050894], [-0.38866398800284, 0.2441779464275442, 0.8884353858937383], [0.7967932268457205, 0.5732653282513956, 0.19101679789380793]], "fy": 1208.4129230698366, "fx": 1221.4548465426064}, {"id": 26, "img_name": "frame_0027.jpg", "width": 1291, "height": 718, "position": [1.3621780545847928, -2.432645922527151, 3.1511250451890187], "rotation": [[-0.5078994309521502, 0.748637754184497, -0.4261216739947333], [-0.3615266687383876, 0.26374901926797795, 0.8942789959660818], [0.7818801927593546, 0.6082581424401748, 0.13669453656171562]], "fy": 1208.4129230698366, "fx": 1221.4548465426064}, {"id": 27, "img_name": "frame_0028.jpg", "width": 1291, "height": 718, "position": [1.0513938811962467, -2.423480995887308, 3.582062756643279], "rotation": [[-0.6438938974807895, 0.6769815137858709, -0.35650621141740074], [-0.2895142201381224, 0.215725770350971, 0.9325470006087064], [0.7082246572414805, 0.7036749405788658, 0.05709126795330983]], "fy": 1208.4129230698366, "fx": 1221.4548465426064}, {"id": 28, "img_name": "frame_0029.jpg", "width": 1291, "height": 718, "position": [0.28045625095669446, -3.0224206841284778, 3.8616464257766583], "rotation": [[-0.7688063536194951, 0.5876680312369038, -0.2521568474113623], [-0.21314443424409296, 0.13627977804263955, 0.9674695200611823], [0.6029147873332193, 0.7975425425385095, 0.020485410812294096]], "fy": 1208.4129230698366, "fx": 1221.4548465426064}, {"id": 29, "img_name": "frame_0030.jpg", "width": 1291, "height": 718, "position": [0.09039376298675521, -2.9140011020149577, 3.98312110393557], "rotation": [[-0.8113965112874957, 0.5401607954265222, -0.22329804422490276], [-0.17739928132364952, 0.13642848431397547, 0.974636734200822], [0.5569247673217025, 0.83042975846966, -0.014873459304724147]], "fy": 1208.4129230698366, "fx": 1221.4548465426064}, {"id": 30, "img_name": "frame_0031.jpg", "width": 1291, "height": 718, "position": [0.0810741641952891, -2.905265998209302, 4.045053004142556], "rotation": [[-0.8354199876464324, 0.5057530736804237, -0.21514477149965158], [-0.16487475190038983, 0.1428063168133525, 0.9759214476913541], [0.524299304240067, 0.8507762245978714, -0.035917338882123555]], "fy": 1208.4129230698366, "fx": 1221.4548465426064}, {"id": 31, "img_name": "frame_0032.jpg", "width": 1291, "height": 718, "position": [-0.4077643605918143, -2.7652357901666518, 4.001364489974101], "rotation": [[-0.9095740493511233, 0.3973599699850345, -0.12157344693843586], [-0.08057598597292294, 0.11835858584971691, 0.9896962946480836], [0.40765495119217116, 0.9099979667060513, -0.07563822683908426]], "fy": 1208.4129230698366, "fx": 1221.4548465426064}, {"id": 32, "img_name": "frame_0033.jpg", "width": 1291, "height": 718, "position": [-1.6513364379720386, -3.0670848842556, 4.077517877558421], "rotation": [[-0.9666292523733303, 0.2561695964108068, -0.0022419480147826036], [0.0179682727115616, 0.07652613329002508, 0.9969056585752938], [0.2555484878294912, 0.9635978875020439, -0.07857532417787884]], "fy": 1208.4129230698366, "fx": 1221.4548465426064}, {"id": 33, "img_name": "frame_0034.jpg", "width": 1291, "height": 718, "position": [-2.2019421486274955, -2.9890879012807643, 4.460827463368524], "rotation": [[-0.9788186286922145, 0.19634926371591616, 0.05797463896661295], [0.076284134159883, 0.08700368296968904, 0.9932829858732033], [0.1899863758288169, 0.9766664352725176, -0.10013915923106176]], "fy": 1208.4129230698366, "fx": 1221.4548465426064}, {"id": 34, "img_name": "frame_0035.jpg", "width": 1291, "height": 718, "position": [-2.368174847171132, -2.884339317685698, 4.515839400197293], "rotation": [[-0.9876461894272879, 0.12224807321300159, 0.0980327144654571], [0.11318787397360777, 0.12390557991841403, 0.9858173829114679], [0.10836747526399203, 0.9847348962339003, -0.13621187335954926]], "fy": 1208.4129230698366, "fx": 1221.4548465426064}, {"id": 35, "img_name": "frame_0048.jpg", "width": 1291, "height": 718, "position": [-4.16059275491321, 0.216408084089162, 0.038603522132011854], "rotation": [[0.24342399166500606, -0.6921533713567714, 0.679461897976134], [0.4231173572781676, 0.7061419477964278, 0.5677457631125099], [-0.8727636921021718, 0.14928918273512767, 0.4647539969343601]], "fy": 1208.4129230698366, "fx": 1221.4548465426064}, {"id": 36, "img_name": "frame_0049.jpg", "width": 1291, "height": 718, "position": [-3.923105908970459, 0.271709431678258, 0.06348916992546096], "rotation": [[0.3762615409581846, -0.6747376831730536, 0.634945912422493], [0.4057652016087599, 0.7360948746840883, 0.5417738796095829], [-0.8329356841672558, 0.05379028137197534, 0.5507492638857987]], "fy": 1208.4129230698366, "fx": 1221.4548465426064}, {"id": 37, "img_name": "frame_0050.jpg", "width": 1291, "height": 718, "position": [-3.7078930854936814, 0.19224870469654035, -0.12110091258470808], "rotation": [[0.48995713055203477, -0.629462042149168, 0.6030916578055241], [0.34626348756241987, 0.7754284867066767, 0.5280267599136459], [-0.8000272541622105, -0.0498818553904358, 0.5978864382978439]], "fy": 1208.4129230698366, "fx": 1221.4548465426064}, {"id": 38, "img_name": "frame_0051.jpg", "width": 1291, "height": 718, "position": [-3.4466752356938946, 0.7847046376049127, -0.24712993563646188], "rotation": [[0.5975609364566962, -0.5468114668906897, 0.5864453486027906], [0.29817092637116416, 0.8304790900215651, 0.4705301049921406], [-0.7443218563820079, -0.10630945731121665, 0.6593051443741632]], "fy": 1208.4129230698366, "fx": 1221.4548465426064}, {"id": 39, "img_name": "frame_0052.jpg", "width": 1291, "height": 718, "position": [-3.1001382127958177, 0.6280407081942138, -0.7845769674004837], "rotation": [[0.7053610673176665, -0.4508839342069635, 0.5469638402915985], [0.2682297120672152, 0.8840225918042676, 0.38282747908686526], [-0.6561391516110142, -0.12331964585464915, 0.7444955867360549]], "fy": 1208.4129230698366, "fx": 1221.4548465426064}, {"id": 40, "img_name": "frame_0053.jpg", "width": 1291, "height": 718, "position": [-3.024461105598978, 1.1097103074495231, -1.1263693276607722], "rotation": [[0.7717980621430484, -0.3906121547735104, 0.5017468443502465], [0.22875447527144585, 0.9068074842310551, 0.3540784893012144], [-0.5932951553110145, -0.15850025579077082, 0.7892265375662044]], "fy": 1208.4129230698366, "fx": 1221.4548465426064}, {"id": 41, "img_name": "frame_0054.jpg", "width": 1291, "height": 718, "position": [-2.7684452042928296, 1.3830991778212665, -1.3055578677889554], "rotation": [[0.8123525600883624, -0.33430767072929163, 0.47783019934851206], [0.1887812830597043, 0.9260040516510759, 0.32692219791889887], [-0.551765299093931, -0.1753706863114454, 0.8153527930279245]], "fy": 1208.4129230698366, "fx": 1221.4548465426064}, {"id": 42, "img_name": "frame_0055.jpg", "width": 1291, "height": 718, "position": [-2.578125340825439, 1.5976852006233497, -1.4104074485848197], "rotation": [[0.8350751122595945, -0.3003896297995017, 0.4608856986211916], [0.16793289877786544, 0.9369697083794185, 0.30640872554065873], [-0.523877942265838, -0.17847642950346654, 0.8328853857038226]], "fy": 1208.4129230698366, "fx": 1221.4548465426064}, {"id": 43, "img_name": "frame_0056.jpg", "width": 1291, "height": 718, "position": [-2.516039049820739, 1.5895181534622467, -1.4939640660786142], "rotation": [[0.8513333874087757, -0.2675904260560106, 0.4512502934805273], [0.1504781007560817, 0.9485474508079197, 0.2785930271177648], [-0.5025811423799562, -0.16927225835605744, 0.8477966135076846]], "fy": 1208.4129230698366, "fx": 1221.4548465426064}, {"id": 44, "img_name": "frame_0057.jpg", "width": 1291, "height": 718, "position": [-2.3838049800873407, 1.668337813786486, -1.6191532210625963], "rotation": [[0.8665325557367803, -0.23743168253921876, 0.43903021077698007], [0.1327926112426927, 0.9575747203866983, 0.2557670371171465], [-0.48113142928687475, -0.16333049624283996, 0.8612988428817473]], "fy": 1208.4129230698366, "fx": 1221.4548465426064}, {"id": 45, "img_name": "frame_0058.jpg", "width": 1291, "height": 718, "position": [-2.0723940698991403, 1.7088518976574614, -1.7642812910957721], "rotation": [[0.8793018505886409, -0.21170491524814206, 0.42662546151298614], [0.11474418264131503, 0.9635551056571834, 0.24165125886688582], [-0.462235900922211, -0.16353160924344604, 0.8715476950097916]], "fy": 1208.4129230698366, "fx": 1221.4548465426064}, {"id": 46, "img_name": "frame_0059.jpg", "width": 1291, "height": 718, "position": [-1.866564912476396, 1.7396583332782343, -1.9077538960142102], "rotation": [[0.8990477670982424, -0.17437337530343747, 0.40163047501521976], [0.09060837126156826, 0.9715153702507524, 0.2189703368583729], [-0.4283727763677219, -0.1604737092231311, 0.8892384118531879]], "fy": 1208.4129230698366, "fx": 1221.4548465426064}, {"id": 47, "img_name": "frame_0060.jpg", "width": 1291, "height": 718, "position": [-1.7067957786224681, 1.707142691764223, -1.9850493069046005], "rotation": [[0.9142950745361514, -0.14288903265611924, 0.3790082334534854], [0.07082924128433152, 0.9776934354974103, 0.19773407588060596], [-0.39880789267267414, -0.1539424260295705, 0.9040210142524957]], "fy": 1208.4129230698366, "fx": 1221.4548465426064}]